   1.6001689e+02
   9.9462322e+01
   1.9998311e+02
   3.5668411e+02
   1.6908423e+02
   3.4001689e+02
   1.4903624e+02
   2.2326430e+02
   2.8525512e+02
   2.5969515e+02
   9.9462322e+01
   3.2084358e+02
   8.5236358e+01
   1.4630993e+02
   1.5343495e+02
   5.9036243e+01
   1.2369007e+02
   1.3500000e+02
   5.5003199e+01
   2.2321009e+02
   1.9226477e+02
   3.2903624e+02
   2.9444395e+02
   2.3772436e+02
   1.0525512e+02
   3.4596376e+02
   1.4206088e+02
   2.6428941e+02
   2.0444395e+02
   8.0537678e+01
   1.4903624e+02
   2.1801409e+01
   2.3903624e+02
   6.1389540e+01
   7.0016893e+01
   1.0030485e+02
   2.2163354e+02
   6.5556045e+01
   3.2416235e+02
   1.5255119e+01
   2.0444395e+02
   1.0347566e+02
   1.5738014e+02
   2.3388066e+02
   2.7000000e+02
   3.2019443e+02
   1.4903624e+02
   7.9695154e+01
   2.3903624e+02
   6.2354025e+01
   1.1929136e+02
   3.4596376e+02
   1.8000000e+02
   3.3555605e+02
   1.4036243e+01
   2.8998311e+02
   3.1668468e+02
   7.0016893e+01
   5.2125016e+01
   9.4763642e+01
   2.4138954e+02
   1.6969515e+02
   2.4555605e+02
   8.5236358e+01
   3.0963757e+01
   3.4380345e+01
   1.8000000e+02
   1.0136822e+02
   3.1326430e+02
   4.7636417e+00
   8.7614056e+01
   2.7946232e+02
   1.0525512e+02
   5.6309932e+01
   2.9905460e+02
   3.1836646e+02
   2.7000000e+02
   0.0000000e+00
   9.9462322e+01
   2.0180141e+02
   9.0000000e+01
   4.6684684e+01
   7.9695154e+01
   2.5156505e+02
   1.9403624e+02
   9.0000000e+01
   1.3668468e+02
   9.4623222e+00
   1.5555605e+02
   2.3697613e+02
   1.0998311e+02
   3.1500000e+02
   1.6001689e+02
   2.6256859e+02
   4.7636417e+00
   5.2125016e+01
   1.8000000e+02
   1.2438034e+02
   3.4001689e+02
   3.0499202e+02
   6.2354025e+01
   1.5555605e+02
   1.9525512e+02
   6.8629378e+01
   2.0180141e+02
   2.2163354e+02
   2.5474488e+02
   3.8088773e+01
   2.6428941e+02
   2.4819859e+02
   2.7847114e+02
   2.9861046e+02
   1.9998311e+02
   1.5255119e+01
   3.0963757e+01
   2.3336589e+02
   3.0096376e+02
   2.3947029e+02
   2.5001689e+02
   7.9695154e+01
   4.8366461e+01
   3.0369007e+02
   0.0000000e+00
   4.7636417e+00
   7.4744881e+01
   3.4474488e+02
   3.0808877e+02
   2.5969515e+02
   4.1633539e+01
   1.5819859e+02
   1.5453665e+02
   9.0000000e+01
   3.2212502e+02
   1.2499202e+02
   2.6565051e+01
   4.1633539e+01
   1.6001689e+02
   1.4903624e+02
   2.4555605e+02
   2.4443955e+01
